0.322428
2.437971
-2.763604
3.344371
-3.311106
-2.884457
3.061769
2.720572
-1.270028
-1.684469
3.997467
-3.203681
4.388410
2.076937
-2.679067
2.553942
1.277962
4.878841
0.630970
1.089358
-0.565660
1.639912
-0.901059
2.108066
-0.916013
-1.342051
-2.102268
2.888730
4.996033
-3.194220
3.868374
-0.464644
3.979156
-4.708548
-4.515061
3.327585
-2.915281
1.297799
-4.811701
-0.022736
3.079776
-4.185766
3.139592
4.611500
4.751274
0.972472
-3.535722
0.289468
4.606312
-0.803094
3.050478
2.866756
1.528825
-0.513779
3.953520
0.019684
4.954833
1.134830
3.482924
-2.756279
-1.869716
0.208594
1.024048
-1.365856
-2.984252
-0.912656
3.660542
-4.731742
-3.606830
4.386579
3.662374
-1.006043
-0.253151
3.567461
-0.103000
4.443037
4.473861
-4.442732
-2.769097
-2.919553
-1.009705
-4.320963
2.980896
0.098422
3.293711
0.215003
4.477523
-2.025971
-0.454573
0.908078
-3.193304
-0.504318
4.234596
4.721671
4.789727
-1.920988
-1.512345
-0.839717
-1.740928
2.177038
